-0.000000012163470571
-0.000000014193539293
-0.000000006328286635
0.000000011425929124
0.000000039016696837
0.000000075915475004
0.000000120598010861
0.000000170020732051
0.000000219191892574
0.000000260937834127
0.000000285953427604
0.000000283201814686
0.000000240693643957
0.000000146633081887
-0.000000009128941308
-0.000000233439727605
-0.000000528133532112
-0.000000888438786223
-0.000001301693157765
-0.000001746552802857
-0.000002192860404037
-0.000002602296588832
-0.000002929883431512
-0.000003126340998595
-0.000003141223715697
-0.000002926689057248
-0.000002441683401103
-0.000001656275325447
-0.000000555830767744
0.000000855288470895
0.000002550809053469
0.000004480681598275
0.000006570474315405
0.000008722151031718
0.000010816265657256
0.000012715504769996
0.000014269411441905
0.000015320034738730
0.000015708177894998
0.000015279870068708
0.000013892666046532
0.000011421387274918
0.000007762955685996
0.000002840036095755
-0.000003396711564570
-0.000010967869066397
-0.000019865978363409
-0.000030057630116910
-0.000041486716670368
-0.000054078567422836
-0.000067744631346184
-0.000082387345151134
-0.000097904827736525
-0.000114195071088874
-0.000131159351511439
-0.000148704657818423
-0.000166745018357667
-0.000185201699037317
-0.000204002332376209
-0.000223079115936079
-0.000242366281381930
-0.000261797078505049
-0.000281300539380709
-0.000300798286026022
-0.000320201622066389
-0.000339409108379000
-0.000358304769193705
-0.000376757014320467
-0.000394618300969364
-0.000411725500727621
-0.000427900888569524
-0.000442953635028150
-0.000456681662082991
-0.000468873718533950
-0.000479311540655230
-0.000487771986368244
-0.000494029062551775
-0.000497855801255341
-0.000499025977102810
-0.000497296401947728
-0.000492463207100108
-0.000484313345056434
-0.000472640874928000
-0.000457248876200612
-0.000437951393566842
-0.000414575400887042
-0.000386962771885160
-0.000354972244808521
-0.000318481367976001
-0.000277388412914317
-0.000231614241635294
-0.000181104114545206
-0.000125829425497514
-0.000065789350608188
-0.000001012397644700
0.000068442156919658
0.000142482955730102
0.000220985385345621
0.000303790549564532
0.000390704402222477
0.000481497049711123
0.000575902232693541
0.000673616995649638
0.000774301551971551
0.000877579351353616
0.000983037355184955
0.001090226524564865
0.001198662524422646
0.001307826646045835
0.001417166949105224
0.001526099623023298
0.001634010566266865
0.001740257180866692
0.001844170378179713
0.001945056790624911
0.002042201182845149
0.002134869054486354
0.002222309425545804
0.002303757794034510
0.002378439254528346
0.002445571765059654
0.002504369548729284
0.002554046615408854
0.002593820387957132
0.002622915416503250
0.002640567163554934
0.002646025841981651
0.002638560287301318
0.002617461845174275
0.002582048254578835
0.002531667506817803
0.002465701660282483
0.002383570590787467
0.002284735657283419
0.002168703262861341
0.002035028291177379
0.001883317398755623
0.001713232144063540
0.001524491934803238
0.001316876775515359
0.001090229798353172
0.000844459560744844
0.000579542094622410
0.000295522692948034
-0.000007482579588972
-0.000329285663606659
-0.000669625580394877
-0.001028167814835739
-0.001404504013667344
-0.001798152005384732
-0.002208556146527227
-0.002635087997518088
-0.003077047329603696
-0.003533663462799254
-0.004004096933089339
-0.004727447796612492
-0.005068153985520765
-0.005396375188316069
-0.005701478037708820
-0.005976230696274455
-0.006220394121112359
-0.006443763491939624
-0.006668128086072413
-0.006927702689541954
-0.007267727982622982
-0.007741128785535236
-0.008403339429607210
-0.009305632617762290
-0.010487497851160314
-0.011968784257849318
-0.013742429893005361
-0.015768629958046010
-0.017971241609772419
-0.020237082981851680
-0.022418567144617527
-0.024339834479102696
-0.025806232606085729
-0.026616669627522693
-0.026578064268753556
-0.025520865201934154
-0.023314437542412008
-0.019881037287036128
-0.015207126128565160
-0.009350921843422974
-0.002445325398211628
0.005304302548135197
0.013627651889029174
0.022201977472316343
0.030668924258902289
0.038654602633103885
0.045791562330276224
0.051741125428957487
0.056214471855085400
0.058990932693241002
0.059932134013811915
0.058990932693241342
0.056214471855085324
0.051741125428956959
0.045791562330276217
0.038654602633104287
0.030668924258902379
0.022201977472316191
0.013627651889029134
0.005304302548135268
-0.002445325398211645
-0.009350921843423036
-0.015207126128565163
-0.019881037287036139
-0.023314437542411987
-0.025520865201934105
-0.026578064268753539
-0.026616669627522731
-0.025806232606085694
-0.024339834479102616
-0.022418567144617534
-0.020237082981851728
-0.017971241609772426
-0.015768629958045996
-0.013742429893005363
-0.011968784257849318
-0.010487497851160311
-0.009305632617762294
-0.008403339429607208
-0.007741128785535225
-0.007267727982622971
-0.006927702689541950
-0.006668128086072407
-0.006443763491939615
-0.006220394121112345
-0.005976230696274438
-0.005701478037708806
-0.005396375188316059
-0.005068153985520754
-0.004727447796612477
-0.004004096933089328
-0.003533663462799248
-0.003077047329603685
-0.002635087997518072
-0.002208556146527223
-0.001798152005384734
-0.001404504013667343
-0.001028167814835731
-0.000669625580394875
-0.000329285663606661
-0.000007482579588968
0.000295522692948043
0.000579542094622407
0.000844459560744832
0.001090229798353167
0.001316876775515358
0.001524491934803233
0.001713232144063531
0.001883317398755620
0.002035028291177379
0.002168703262861333
0.002284735657283403
0.002383570590787471
0.002465701660282485
0.002531667506817805
0.002582048254578834
0.002617461845174278
0.002638560287301322
0.002646025841981644
0.002640567163554923
0.002622915416503244
0.002593820387957130
0.002554046615408845
0.002504369548729274
0.002445571765059649
0.002378439254528343
0.002303757794034502
0.002222309425545787
0.002134869054486347
0.002042201182845145
0.001945056790624906
0.001844170378179703
0.001740257180866688
0.001634010566266863
0.001526099623023290
0.001417166949105211
0.001307826646045831
0.001198662524422646
0.001090226524564861
0.000983037355184949
0.000877579351353616
0.000774301551971558
0.000673616995649634
0.000575902232693531
0.000481497049711124
0.000390704402222480
0.000303790549564532
0.000220985385345617
0.000142482955730106
0.000068442156919669
-0.000001012397644698
-0.000065789350608194
-0.000125829425497513
-0.000181104114545201
-0.000231614241635293
-0.000277388412914322
-0.000318481367975997
-0.000354972244808512
-0.000386962771885161
-0.000414575400887047
-0.000437951393566845
-0.000457248876200609
-0.000472640874928000
-0.000484313345056438
-0.000492463207100103
-0.000497296401947722
-0.000499025977102810
-0.000497855801255346
-0.000494029062551776
-0.000487771986368241
-0.000479311540655229
-0.000468873718533958
-0.000456681662082990
-0.000442953635028145
-0.000427900888569531
-0.000411725500727634
-0.000394618300969372
-0.000376757014320470
-0.000358304769193714
-0.000339409108379011
-0.000320201622066397
-0.000300798286026022
-0.000281300539380719
-0.000261797078505062
-0.000242366281381937
-0.000223079115936077
-0.000204002332376212
-0.000185201699037321
-0.000166745018357665
-0.000148704657818413
-0.000131159351511435
-0.000114195071088875
-0.000097904827736520
-0.000082387345151124
-0.000067744631346178
-0.000054078567422831
-0.000041486716670360
-0.000030057630116897
-0.000019865978363405
-0.000010967869066400
-0.000003396711564566
0.000002840036095763
0.000007762955685998
0.000011421387274918
0.000013892666046536
0.000015279870068719
0.000015708177894996
0.000015320034738722
0.000014269411441907
0.000012715504770004
0.000010816265657257
0.000008722151031718
0.000006570474315411
0.000004480681598291
0.000002550809053474
0.000000855288470893
-0.000000555830767738
-0.000001656275325437
-0.000002441683401098
-0.000002926689057245
-0.000003141223715689
-0.000003126340998580
-0.000002929883431505
-0.000002602296588834
-0.000002192860404033
-0.000001746552802849
-0.000001301693157760
-0.000000888438786221
-0.000000528133532105
-0.000000233439727598
-0.000000009128941305
0.000000146633081880
0.000000240693643956
0.000000283201814686
0.000000285953427606
0.000000260937834126
0.000000219191892578
0.000000170020732052
0.000000120598010862
0.000000075915474994
0.000000039016696837
0.000000011425929129
-0.000000006328286632
-0.000000014193539294
-0.000000012163470568
